[LEFT_CAM_2K]
fx=1066
fy=1066.39
cx=1115.83
cy=606.15
k1=-0.0504429
k2=0.0247711
p1=-0.000216935
p2=-2.81513e-05
k3=-0.0102541

[RIGHT_CAM_2K]
fx=1066.27
fy=1066.64
cx=1124.25
cy=638.236
k1=-0.047855
k2=0.0199333
p1=0.000149603
p2=-5.08617e-05
k3=-0.00817567

[LEFT_CAM_FHD]
fx=1066
fy=1066.39
cx=971.83
cy=525.15
k1=-0.0504429
k2=0.0247711
p1=-0.000216935
p2=-2.81513e-05
k3=-0.0102541

[RIGHT_CAM_FHD]
fx=1066.27
fy=1066.64
cx=980.25
cy=557.236
k1=-0.047855
k2=0.0199333
p1=0.000149603
p2=-5.08617e-05
k3=-0.00817567

[LEFT_CAM_HD]
fx=533
fy=533.195
cx=644.415
cy=351.075
k1=-0.0504429
k2=0.0247711
p1=-0.000216935
p2=-2.81513e-05
k3=-0.0102541

[RIGHT_CAM_HD]
fx=533.135
fy=533.32
cx=648.625
cy=367.118
k1=-0.047855
k2=0.0199333
p1=0.000149603
p2=-5.08617e-05
k3=-0.00817567

[LEFT_CAM_VGA]
fx=266.5
fy=266.5975
cx=337.7075
cy=183.0375
k1=-0.0504429
k2=0.0247711
p1=-0.000216935
p2=-2.81513e-05
k3=-0.0102541

[RIGHT_CAM_VGA]
fx=266.5675
fy=266.66
cx=339.8125
cy=191.059
k1=-0.047855
k2=0.0199333
p1=0.000149603
p2=-5.08617e-05
k3=-0.00817567

[LEFT_DISTO]
k1=-1.1985
k2=2.27031
k3=0.148524
k4=-1.10514
k5=2.11809
k6=0.305921
p1=-0.00025463
p2=0.000138626

[RIGHT_DISTO]
k1=-1.39257
k2=2.73186
k3=0.120942
k4=-1.30158
k5=2.57652
k6=0.294748
p1=0.000130954
p2=-0.000244935

[STEREO]
Baseline=120.012
TY=0.083148
TZ=-0.209802
CV_2K=-0.00204978
CV_FHD=-0.00204978
CV_HD=-0.00204978
CV_VGA=-0.00204978
RX_2K=6.18678e-05
RX_FHD=6.18678e-05
RX_HD=6.18678e-05
RX_VGA=6.18678e-05
RZ_2K=0.000235018
RZ_FHD=0.000235018
RZ_HD=0.000235018
RZ_VGA=0.000235018

