[LEFT_CAM_2K]
fx=1077.21
fy=1077.44
cx=1125.8
cy=601.68
k1=-0.0683004
k2=0.0450411
p1=7.08113e-05
p2=-0.000791164
k3=-0.0167364

[RIGHT_CAM_2K]
fx=1069.94
fy=1070.23
cx=1129.13
cy=626.932
k1=-0.0401365
k2=0.0133168
p1=0.000150251
p2=0.000182236
k3=-0.0063774

[LEFT_CAM_FHD]
fx=1077.21
fy=1077.44
cx=981.8
cy=520.68
k1=-0.0683004
k2=0.0450411
p1=7.08113e-05
p2=-0.000791164
k3=-0.0167364

[RIGHT_CAM_FHD]
fx=1069.94
fy=1070.23
cx=985.13
cy=545.932
k1=-0.0401365
k2=0.0133168
p1=0.000150251
p2=0.000182236
k3=-0.0063774

[LEFT_CAM_HD]
fx=538.605
fy=538.72
cx=649.4
cy=348.84
k1=-0.0683004
k2=0.0450411
p1=7.08113e-05
p2=-0.000791164
k3=-0.0167364

[RIGHT_CAM_HD]
fx=534.97
fy=535.115
cx=651.065
cy=361.466
k1=-0.0401365
k2=0.0133168
p1=0.000150251
p2=0.000182236
k3=-0.0063774

[LEFT_CAM_VGA]
fx=269.3025
fy=269.36
cx=340.2
cy=181.92
k1=-0.0683004
k2=0.0450411
p1=7.08113e-05
p2=-0.000791164
k3=-0.0167364

[RIGHT_CAM_VGA]
fx=267.485
fy=267.5575
cx=341.0325
cy=188.233
k1=-0.0401365
k2=0.0133168
p1=0.000150251
p2=0.000182236
k3=-0.0063774

[LEFT_DISTO]
k1=12.142
k2=-11.236
k3=1.92984
k4=12.5246
k5=-11.2842
k6=1.802
p1=0.000102377
p2=-0.000565179

[RIGHT_DISTO]
k1=-1.02318
k2=2.48692
k3=0.120326
k4=-0.923691
k5=2.33729
k6=0.288668
p1=0.000198091
p2=-0.000120025

[STEREO]
Baseline=120.005
TY=0.0573625
TZ=-0.142411
CV_2K=0.00105439
CV_FHD=0.00105439
CV_HD=0.00105439
CV_VGA=0.00105439
RX_2K=0.00047165
RX_FHD=0.00047165
RX_HD=0.00047165
RX_VGA=0.00047165
RZ_2K=0.000604569
RZ_FHD=0.000604569
RZ_HD=0.000604569
RZ_VGA=0.000604569

