[LEFT_CAM_2K]
fx=1055.59
fy=1055.05
cx=1098.39
cy=628.009
k1=-0.0391651
k2=0.00742521
p1=0.000412202
p2=2.34372e-05
k3=-0.00398507

[RIGHT_CAM_2K]
fx=1058.61
fy=1058.11
cx=1119.37
cy=621.712
k1=-0.0422513
k2=0.0106296
p1=0.00043366
p2=-0.000293376
k3=-0.00503368

[LEFT_CAM_FHD]
fx=1055.59
fy=1055.05
cx=954.39
cy=547.009
k1=-0.0391651
k2=0.00742521
p1=0.000412202
p2=2.34372e-05
k3=-0.00398507

[RIGHT_CAM_FHD]
fx=1058.61
fy=1058.11
cx=975.37
cy=540.712
k1=-0.0422513
k2=0.0106296
p1=0.00043366
p2=-0.000293376
k3=-0.00503368

[LEFT_CAM_HD]
fx=527.795
fy=527.525
cx=635.695
cy=362.0045
k1=-0.0391651
k2=0.00742521
p1=0.000412202
p2=2.34372e-05
k3=-0.00398507

[RIGHT_CAM_HD]
fx=529.305
fy=529.055
cx=646.185
cy=358.856
k1=-0.0422513
k2=0.0106296
p1=0.00043366
p2=-0.000293376
k3=-0.00503368

[LEFT_CAM_VGA]
fx=263.8975
fy=263.7625
cx=333.3475
cy=188.50225
k1=-0.0391651
k2=0.00742521
p1=0.000412202
p2=2.34372e-05
k3=-0.00398507

[RIGHT_CAM_VGA]
fx=264.6525
fy=264.5275
cx=338.5925
cy=186.928
k1=-0.0422513
k2=0.0106296
p1=0.00043366
p2=-0.000293376
k3=-0.00503368

[STEREO]
Baseline=119.502
TY=0.360068
TZ=0.0453323
CV_2K=0.00237171
CV_FHD=0.00237171
CV_HD=0.00237171
CV_VGA=0.00237171
RX_2K=-0.00264568
RX_FHD=-0.00264568
RX_HD=-0.00264568
RX_VGA=-0.00264568
RZ_2K=-0.001511
RZ_FHD=-0.001511
RZ_HD=-0.001511
RZ_VGA=-0.001511

