[LEFT_CAM_2K]
fx=1399.67
fy=1399.67
cx=1197.7
cy=633.198
k1=-0.168884
k2=0.0215477
p1=0
p2=0
k3=0

[RIGHT_CAM_2K]
fx=1400.34
fy=1400.34
cx=1126.94
cy=589.389
k1=-0.170776
k2=0.0249578
p1=0
p2=0
k3=0

[LEFT_CAM_FHD]
fx=1399.67
fy=1399.67
cx=1053.7
cy=552.198
k1=-0.168884
k2=0.0215477
p1=0
p2=0
k3=0

[RIGHT_CAM_FHD]
fx=1400.34
fy=1400.34
cx=982.94
cy=508.389
k1=-0.170776
k2=0.0249578
p1=0
p2=0
k3=0

[LEFT_CAM_HD]
fx=699.835
fy=699.835
cx=685.35
cy=364.599
k1=-0.168884
k2=0.0215477
p1=0
p2=0
k3=0

[RIGHT_CAM_HD]
fx=700.17
fy=700.17
cx=649.97
cy=342.6945
k1=-0.170776
k2=0.0249578
p1=0
p2=0
k3=0

[LEFT_CAM_VGA]
fx=349.9175
fy=349.9175
cx=358.175
cy=189.7995
k1=-0.168884
k2=0.0215477
p1=0
p2=0
k3=0

[RIGHT_CAM_VGA]
fx=350.085
fy=350.085
cx=340.485
cy=178.84725
k1=-0.170776
k2=0.0249578
p1=0
p2=0
k3=0

[STEREO]
Baseline=120
TY=0
TZ=0
CV_2K=0.013058
CV_FHD=0.013058
CV_HD=0.013058
CV_VGA=0.013058
RX_2K=-0.00236079
RX_FHD=-0.00236079
RX_HD=-0.00236079
RX_VGA=-0.00236079
RZ_2K=-0.00122298
RZ_FHD=-0.00122298
RZ_HD=-0.00122298
RZ_VGA=-0.00122298

